x=[2 5;4 6];
y=[1 5;7 -2];
z=[0 0; 0 0];
n = 1;
z = x + y;


        